-- obfuscated by bPeM
-- DAN HUB | fused: IronBrew + 77fuscator + Luraph + MoonSec + bPeM
([[This file was protected with MoonSec V3]]):gsub('.+',(function(a)_Moon=a;end));
do local _a=[[77fuscator 0.6.5 discord.gg/7ZQ244HpVp]];
return({gN=function(Y,L,U,D,a,N,J,e)
if U>0B110000 and U<0B1010101 then return D,U,nil,J
elseif U>0X4e and U<107 then U=0X0030;return D,U,0X40e6,J
else return D,U,nil,J end
end,
W=string.char,Z=table.concat,
C=function(Y,D,E)
local F={}
for G=1,#D do
local H=D[G]
v=(v-116)%256 if v<0 then v=v+256 end v=(v-31)%256 if v<0 then v=v+256 end v=(v-24)%256 if v<0 then v=v+256 end v=(v-111)%256 if v<0 then v=v+256 end v=(v-35)%256 if v<0 then v=v+256 end v=(v-30)%256 if v<0 then v=v+256 end
F[G]=Y.W(H)
end
return Y.Z(F)
end,
X=function(Y)
local H={3179039,"+/Bj/=)=FF","=CB+A=C","EjF=/EB=","*=*Cj/Ej","+ED*CAF",8783687,"D=*/FC",2917708,3370104}
local A={136,136,123,159,156,169,123,163,176,157,123,215,123,168,208,206,190,199,192,123,167,192,194,192,201,191,206,123,209,140,137,140,123,215,123,170,210,201,192,205,149,123,174,176,169,123,162,170,159,123,169,164,166,156,123,179,123,164,157,167,156,168,160,166,164,170,101,199,202,190,188,199,123,171,199,188,212,192,205,206,123,152,123,194,188,200,192,149,162,192,207,174,192,205,209,196,190,192,131,125,171,199,188,212,192,205,206,125,132,101,199,202,190,188,199,123,173,192,203,199,196,190,188,207,192,191,174,207,202,205,188,194,192,123,152,123,194,188,200,192,149,162,192,207,174,192,205,209,196,190,192,131,125,173,192,203,199,196,190,188,207,192,191,174,207,202,205,188,194,192,125,132,101,199,202,190,188,199,123,177,196,205,207,208,188,199,176,206,192,205,123,152,123,194,188,200,192,149,162,192,207,174,192,205,209,196,190,192,131,125,177,196,205,207,208,188,199,176,206,192,205,125,132,101,199,202,190,188,199,123,167,202,190,188,199,171,199,188,212,192,205,123,152,123,171,199,188,212,192,205,206,137,167,202,190,188,199,171,199,188,212,192,205,101,199,202,190,188,199,123,173,192,200,202,207,192,160,209,192,201,207,206,123,152,123,173,192,203,199,196,190,188,207,192,191,174,207,202,205,188,194,192,149,178,188,196,207,161,202,205,158,195,196,199,191,131,125,205,160,209,192,201,207,206,125,135,123,144,132,101,199,202,190,188,199,123,168,208,206,190,199,192,160,209,192,201,207,123,152,123,173,192,203,199,196,190,188,207,192,191,174,207,202,205,188,194,192,149,178,188,196,207,161,202,205,158,195,196,199,191,131,125,200,208,206,190,199,192,160,209,192,201,207,125,135,123,144,132,101,194,192,207,194,192,201,209,131,132,137,188,208,207,202,173,192,203,152,193,188,199,206,192,123,194,192,207,194,192,201,209,131,132,137,188,208,207,202,173,192,189,196,205,207,195,152,193,188,199,206,192,123,194,192,207,194,192,201,209,131,132,137,188,208,207,202,163,188,207,190,195,152,193,188,199,206,192,101,194,192,207,194,192,201,209,131,132,137,188,208,207,202,174,192,199,199,152,193,188,199,206,192,123,194,192,207,194,192,201,209,131,132,137,188,208,207,202,160,209,202,199,209,192,152,193,188,199,206,192,123,194,192,207,194,192,201,209,131,132,137,188,208,207,202,175,196,207,188,201,152,193,188,199,206,192,101,194,192,207,194,192,201,209,131,132,137,188,208,207,202,172,208,192,206,207,152,193,188,199,206,192,123,194,192,207,194,192,201,209,131,132,137,188,208,207,202,174,203,196,201,152,193,188,199,206,192,123,194,192,207,194,192,201,209,131,132,137,191,202,208,189,199,192,160,204,208,196,203,152,193,188,199,206,192,101,194,192,207,194,192,201,209,131,132,137,192,209,202,199,209,192,168,202,191,192,152,125,157,202,207,195,125,123,194,192,207,194,192,201,209,131,132,137,207,196,207,188,201,168,202,191,192,152,125,157,202,207,195,125,101,194,192,207,194,192,201,209,131,132,137,203,208,201,190,195,175,196,201,212,152,193,188,199,206,192,123,194,192,207,194,192,201,209,131,132,137,203,208,201,190,195,161,205,202,213,192,201,152,193,188,199,206,192,123,194,192,207,194,192,201,209,131,132,137,203,208,201,190,195,168,212,207,195,196,190,188,199,152,193,188,199,206,192,101,194,192,207,194,192,201,209,131,132,137,203,208,201,190,195,163,192,199,199,152,193,188,199,206,192,123,194,192,207,194,192,201,209,131,132,137,203,208,201,190,195,167,192,194,192,201,191,152,193,188,199,206,192,123,194,192,207,194,192,201,209,131,132,137,203,208,201,190,195,168,208,206,190,199,192,166,196,201,194,152,193,188,199,206,192,101,194,192,207,194,192,201,209,131,132,137,203,208,201,190,195,165,208,201,194,199,192,152,193,188,199,206,192,123,194,192,207,194,192,201,209,131,132,137,203,208,201,190,195,164,201,191,208,206,207,205,196,188,199,152,193,188,199,206,192,101,199,202,190,188,199,123,206,207,188,205,207,175,196,200,192,152,202,206,137,207,196,200,192,131,132,123,199,202,190,188,199,123,208,201,196,204,208,192,171,192,207,206,160,204,208,196,203,203,192,191,152,193,188,199,206,192,123,199,202,190,188,199,123,202,200,192,194,188,171,192,207,206,160,204,208,196,203,203,192,191,152,193,188,199,206,192,101,199,202,190,188,199,123,194,212,200,206,152,214,214,125,174,203,188,210,201,125,135,158,161,205,188,200,192,137,201,192,210,131,141,135,147,135,140,140,144,132,216,135,214,125,174,192,190,205,192,207,123,174,203,202,207,125,135,158,161,205,188,200,192,137,201,192,210,131,140,148,143,146,135,141,135,145,140,148,140,132,216,135,214,125,175,196,201,212,123,164,206,199,188,201,191,125,135,158,161,205,188,200,192,137,201,192,210,131,136,142,143,135,146,135,140,148,139,142,132,216,135,214,125,161,205,202,213,192,201,123,164,206,199,188,201,191,125,135,158,161,205,188,200,192,137,201,192,210,131,136,141,145,139,139,135,143,135,136,143,139,143,132,216,135,214,125,168,212,207,195,196,190,188,199,123,164,206,199,188,201,191,125,135,158,161,205,188,200,192,137,201,192,210,131,141,141,144,144,135,146,135,140,139,146,140,132,216,135,214,125,163,192,199,199,123,164,206,199,188,201,191,125,135,158,161,205,188,200,192,137,201,192,210,131,136,145,146,145,147,135,146,135,136,140,141,147,146,132,216,135,214,125,167,192,194,192,201,191,123,164,206,199,188,201,191,125,135,158,161,205,188,200,192,137,201,192,210,131,143,145,139,143,135,148,148,140,135,136,142,147,147,146,132,216,135,214,125,168,208,206,190,199,192,123,166,196,201,194,123,164,206,199,188,201,191,125,135,158,161,205,188,200,192,137,201,192,210,131,136,147,145,143,145,135,140,146,135,136,144,146,142,147,132,216,135,214,125,165,208,201,194,199,192,123,164,206,199,188,201,191,125,135,158,161,205,188,200,192,137,201,192,210,131,136,147,145,144,148,135,145,135,141,142,147,143,132,216,135,214,125,164,201,191,208,206,207,205,196,188,199,123,164,206,199,188,201,191,125,135,158,161,205,188,200,192,137,201,192,210,131,136,144,143,142,146,137,141,135,145,139,137,144,135,143,148,141,148,137,141,132,216,135,214,125,157,205,188,210,199,123,167,188,209,188,125,135,158,161,205,188,200,192,137,201,192,210,131,143,143,146,140,135,140,140,148,135,136,147,147,142,145,132,216,135,214,125,157,205,188,210,199,123,159,192,206,192,205,207,125,135,158,161,205,188,200,192,137,201,192,210,131,148,145,139,135,140,146,135,136,146,142,148,147,132,216,135,214,125,157,205,188,210,199,123,173,192,194,208,199,188,205,125,135,158,161,205,188,200,192,137,201,192,210,131,136,140,147,143,148,135,141,139,135,136,145,142,142,144,132,216,216,101,167,202,190,188,199,171,199,188,212,192,205,137,164,191,199,192,191,149,158,202,201,201,192,190,207,131,193,208,201,190,207,196,202,201,131,132,123,177,196,205,207,208,188,199,176,206,192,205,149,158,188,203,207,208,205,192,158,202,201,207,205,202,199,199,192,205,131,132,123,177,196,205,207,208,188,199,176,206,192,205,149,158,199,196,190,198,157,208,207,207,202,201,141,131,177,192,190,207,202,205,141,137,201,192,210,131,132,132,123,192,201,191,132,101,199,202,190,188,199,123,193,208,201,190,207,196,202,201,123,190,205,192,188,207,192,156,193,198,159,196,206,203,199,188,212,131,190,195,188,205,188,190,207,192,205,132,101,196,193,123,201,202,207,123,190,195,188,205,188,190,207,192,205,123,207,195,192,201,123,205,192,207,208,205,201,123,192,201,191,101,199,202,190,188,199,123,195,192,188,191,152,190,195,188,205,188,190,207,192,205,149,178,188,196,207,161,202,205,158,195,196,199,191,131,125,163,192,188,191,125,135,144,132,101,196,193,123,201,202,207,123,195,192,188,191,123,202,205,123,195,192,188,191,149,161,196,201,191,161,196,205,206,207,158,195,196,199,191,131,125,156,161,166,186,175,188,194,125,132,123,207,195,192,201,123,205,192,207,208,205,201,123,192,201,191,101,199,202,190,188,199,123,189,196,199,199,189,202,188,205,191,152,164,201,206,207,188,201,190,192,137,201,192,210,131,125,157,196,199,199,189,202,188,205,191,162,208,196,125,132,123,189,196,199,199,189,202,188,205,191,137,169,188,200,192,152,125,156,161,166,186,175,188,194,125,123,189,196,199,199,189,202,188,205,191,137,174,196,213,192,152,176,159,196,200,141,137,201,192,210,131,139,135,140,146,139,135,139,135,141,147,132,123,189,196,199,199,189,202,188,205,191,137,174,207,208,191,206,170,193,193,206,192,207,152,177,192,190,207,202,205,142,137,201,192,210,131,139,135,142,135,139,132,123,189,196,199,199,189,202,188,205,191,137,156,199,210,188,212,206,170,201,175,202,203,152,207,205,208,192,123,189,196,199,199,189,202,188,205,191,137,171,188,205,192,201,207,152,195,192,188,191,101,199,202,190,188,199,123,199,188,189,192,199,152,164,201,206,207,188,201,190,192,137,201,192,210,131,125,175,192,211,207,167,188,189,192,199,125,132,123,199,188,189,192,199,137,174,196,213,192,152,176,159,196,200,141,137,201,192,210,131,140,135,139,135,140,135,139,132,123,199,188,189,192,199,137,157,188,190,198,194,205,202,208,201,191,175,205,188,201,206,203,188,205,192,201,190,212,152,140,123,199,188,189,192,199,137,175,192,211,207,152,125,159,156,169,123,156,169,175,164,136,156,161,166,123,182,139,139,149,139,139,149,139,139,184,125,123,199,188,189,192,199,137,175,192,211,207,158,202,199,202,205,142,152,158,202,199,202,205,142,137,193,205,202,200,173,162,157,131,139,135,141,144,144,135,141,139,139,132,123,199,188,189,192,199,137,161,202,201,207,152,160,201,208,200,137,161,202,201,207,137,162,202,207,195,188,200,157,202,199,191,123,199,188,189,192,199,137,175,192,211,207,174,196,213,192,152,140,141,123,199,188,189,192,199,137,175,192,211,207,174,207,205,202,198,192,175,205,188,201,206,203,188,205,192,201,190,212,152,139,137,141,123,199,188,189,192,199,137,171,188,205,192,201,207,152,189,196,199,199,189,202,188,205,191,101,199,202,190,188,199,123,206,207,205,202,198,192,152,164,201,206,207,188,201,190,192,137,201,192,210,131,125,176,164,174,207,205,202,198,192,125,132,123,206,207,205,202,198,192,137,175,195,196,190,198,201,192,206,206,152,140,137,143,123,206,207,205,202,198,192,137,158,202,199,202,205,152,158,202,199,202,205,142,137,193,205,202,200,173,162,157,131,139,135,139,135,139,132,123,206,207,205,202,198,192,137,171,188,205,192,201,207,152,199,188,189,192,199,101,207,188,206,198,137,206,203,188,210,201,131,193,208,201,190,207,196,202,201,131,132,123,210,195,196,199,192,123,189,196,199,199,189,202,188,205,191,123,188,201,191,123,189,196,199,199,189,202,188,205,191,137,171,188,205,192,201,207,123,191,202,123,199,202,190,188,199,123,192,152,202,206,137,207,196,200,192,131,132,136,206,207,188,205,207,175,196,200,192,123,199,202,190,188,199,123,195,152,200,188,207,195,137,193,199,202,202,205,131,192,138,142,145,139,139,132,123,199,202,190,188,199,123,200,152,200,188,207,195,137,193,199,202,202,205,131,131,192,128,142,145,139,139,132,138,145,139,132,123,199,202,190,188,199,123,206,152,192,128,145,139,123,199,188,189,192,199,137,175,192,211,207,152,206,207,205,196,201,194,137,193,202,205,200,188,207,131,125,159,156,169,123,156,169,175,164,136,156,161,166,123,182,128,139,141,191,149,128,139,141,191,149,128,139,141,191,184,125,135,195,135,200,135,206,132,123,207,188,206,198,137,210,188,196,207,131,140,132,123,192,201,191,123,192,201,191,132,101,192,201,191,101,196,193,123,167,202,190,188,199,171,199,188,212,192,205,137,158,195,188,205,188,190,207,192,205,123,207,195,192,201,123,190,205,192,188,207,192,156,193,198,159,196,206,203,199,188,212,131,167,202,190,188,199,171,199,188,212,192,205,137,158,195,188,205,188,190,207,192,205,132,123,192,201,191,101,167,202,190,188,199,171,199,188,212,192,205,137,158,195,188,205,188,190,207,192,205,156,191,191,192,191,149,158,202,201,201,192,190,207,131,190,205,192,188,207,192,156,193,198,159,196,206,203,199,188,212,132,101,199,202,190,188,199,123,193,208,201,190,207,196,202,201,123,194,192,207,160,204,208,196,203,203,192,191,175,202,202,199,131,132,101,199,202,190,188,199,123,190,195,188,205,152,167,202,190,188,199,171,199,188,212,192,205,137,158,195,188,205,188,190,207,192,205,123,196,193,123,201,202,207,123,190,195,188,205,123,207,195,192,201,123,205,192,207,208,205,201,123,192,201,191,101,199,202,190,188,199,123,207,202,202,199,152,190,195,188,205,149,161,196,201,191,161,196,205,206,207,158,195,196,199,191,170,193,158,199,188,206,206,131,125,175,202,202,199,125,132,101,196,193,123,207,202,202,199,123,188,201,191,123,201,202,207,123,206,207,205,196,201,194,137,193,196,201,191,131,206,207,205,196,201,194,137,199,202,210,192,205,131,207,202,202,199,137,169,188,200,192,132,135,125,203,208,201,190,195,125,132,123,207,195,192,201,123,205,192,207,208,205,201,123,207,202,202,199,123,192,201,191,101,199,202,190,188,199,123,189,188,190,198,203,188,190,198,152,167,202,190,188,199,171,199,188,212,192,205,149,161,196,201,191,161,196,205,206,207,158,195,196,199,191,131,125,157,188,190,198,203,188,190,198,125,132,101,196,193,123,189,188,190,198,203,188,190,198,123,207,195,192,201,123,193,202,205,123,186,135,196,207,192,200,123,196,201,123,196,203,188,196,205,206,131,189,188,190,198,203,188,190,198,149,162,192,207,158,195,196,199,191,205,192,201,131,132,132,123,191,202,123,196,193,123,196,207,192,200,149,164,206,156,131,125,175,202,202,199,125,132,123,188,201,191,123,201,202,207,123,206,207,205,196,201,194,137,193,196,201,191,131,206,207,205,196,201,194,137,199,202,210,192,205,131,196,207,192,200,137,169,188,200,192,132,135,125,203,208,201,190,195,125,132,123,207,195,192,201,123,190,195,188,205,137,163,208,200,188,201,202,196,191,149,160,204,208,196,203,175,202,202,199,131,196,207,192,200,132,123,205,192,207,208,205,201,123,196,207,192,200,123,192,201,191,123,192,201,191,123,192,201,191,101,205,192,207,208,205,201,123,201,196,199,123,192,201,191,101,199,202,190,188,199,123,193,208,201,190,207,196,202,201,123,192,204,208,196,203,171,208,201,190,195,131,132,101,199,202,190,188,199,123,190,195,188,205,152,167,202,190,188,199,171,199,188,212,192,205,137,158,195,188,205,188,190,207,192,205,123,199,202,190,188,199,123,189,188,190,198,203,188,190,198,152,167,202,190,188,199,171,199,188,212,192,205,149,161,196,201,191,161,196,205,206,207,158,195,196,199,191,131,125,157,188,190,198,203,188,190,198,125,132,123,196,193,123,201,202,207,123,190,195,188,205,123,207,195,192,201,123,205,192,207,208,205,201,123,201,196,199,123,192,201,191,101,199,202,190,188,199,123,203,208,201,190,195,152,190,195,188,205,149,161,196,201,191,161,196,205,206,207,158,195,196,199,191,131,125,171,208,201,190,195,125,132,123,196,193,123,203,208,201,190,195,123,207,195,192,201,123,205,192,207,208,205,201,123,203,208,201,190,195,123,192,201,191,101,196,193,123,189,188,190,198,203,188,190,198,123,207,195,192,201,123,203,208,201,190,195,152,189,188,190,198,203,188,190,198,149,161,196,201,191,161,196,205,206,207,158,195,196,199,191,131,125,171,208,201,190,195,125,132,123,196,193,123,203,208,201,190,195,123,207,195,192,201,123,190,195,188,205,137,163,208,200,188,201,202,196,191,149,160,204,208,196,203,175,202,202,199,131,203,208,201,190,195,132,123,205,192,207,208,205,201,123,203,208,201,190,195,123,192,201,191,123,192,201,191,101,205,192,207,208,205,201,123,201,196,199,123,192,201,191,101,199,202,190,188,199,123,193,208,201,190,207,196,202,201,123,200,188,206,206,175,202,194,194,199,192,171,192,207,206,131,205,188,205,196,207,212,135,206,207,188,207,192,132,101,203,190,188,199,199,131,193,208,201,190,207,196,202,201,131,132,101,199,202,190,188,199,123,192,204,208,196,203,173,192,200,202,207,192,152,173,192,200,202,207,192,160,209,192,201,207,206,149,161,196,201,191,161,196,205,206,207,158,195,196,199,191,131,125,192,204,208,196,203,171,192,207,160,209,192,201,207,125,132,101,199,202,190,188,199,123,203,192,207,206,161,202,199,191,192,205,152,167,202,190,188,199,171,199,188,212,192,205,149,161,196,201,191,161,196,205,206,207,158,195,196,199,191,131,125,203,192,207,206,161,202,199,191,192,205,125,132,101,199,202,190,188,199,123,205,188,205,196,207,212,161,202,199,191,192,205,152,203,192,207,206,161,202,199,191,192,205,123,188,201,191,123,203,192,207,206,161,202,199,191,192,205,149,161,196,201,191,161,196,205,206,207,158,195,196,199,191,131,205,188,205,196,207,212,132,101,196,193,123,192,204,208,196,203,173,192,200,202,207,192,123,188,201,191,123,205,188,205,196,207,212,161,202,199,191,192,205,123,207,195,192,201,123,193,202,205,123,186,135,203,192,207,123,196,201,123,196,203,188,196,205,206,131,205,188,205,196,207,212,161,202,199,191,192,205,149,162,192,207,158,195,196,199,191,205,192,201,131,132,132,123,191,202,123,192,204,208,196,203,173,192,200,202,207,192,149,161,196,205,192,174,192,205,209,192,205,131,206,207,188,207,192,123,188,201,191,123,125,192,204,208,196,203,171,192,207,125,123,202,205,123,125,208,201,192,204,208,196,203,171,192,207,125,135,203,192,207,132,123,207,188,206,198,137,210,188,196,207,131,139,137,139,141,132,123,192,201,191,123,192,201,191,101,192,201,191,132,123,192,201,191,101,199,202,190,188,199,123,193,208,201,190,207,196,202,201,123,200,188,206,206,174,192,199,199,171,192,207,206,131,205,188,205,196,207,212,132,101,203,190,188,199,199,131,193,208,201,190,207,196,202,201,131,132,101,199,202,190,188,199,123,206,192,199,199,173,192,200,202,207,192,152,173,192,200,202,207,192,160,209,192,201,207,206,149,161,196,201,191,161,196,205,206,207,158,195,196,199,191,131,125,206,192,199,199,171,192,207,160,209,192,201,207,125,132,101,199,202,190,188,199,123,203,192,207,206,161,202,199,191,192,205,152,167,202,190,188,199,171,199,188,212,192,205,149,161,196,201,191,161,196,205,206,207,158,195,196,199,191,131,125,203,192,207,206,161,202,199,191,192,205,125,132,101,199,202,190,188,199,123,205,188,205,196,207,212,161,202,199,191,192,205,152,203,192,207,206,161,202,199,191,192,205,123,188,201,191,123,203,192,207,206,161,202,199,191,192,205,149,161,196,201,191,161,196,205,206,207,158,195,196,199,191,131,205,188,205,196,207,212,132,101,196,193,123,206,192,199,199,173,192,200,202,207,192,123,188,201,191,123,205,188,205,196,207,212,161,202,199,191,192,205,123,207,195,192,201,123,193,202,205,123,186,135,203,192,207,123,196,201,123,196,203,188,196,205,206,131,205,188,205,196,207,212,161,202,199,191,192,205,149,162,192,207,158,195,196,199,191,205,192,201,131,132,132,123,191,202,123,206,192,199,199,173,192,200,202,207,192,149,161,196,205,192,174,192,205,209,192,205,131,125,206,192,199,199,171,192,207,125,135,203,192,207,132,123,192,201,191,123,192,201,191,101,192,201,191,132,123,192,201,191,101,199,202,190,188,199,123,193,208,201,190,207,196,202,201,123,207,192,199,192,203,202,205,207,175,202,131,190,193,205,188,200,192,132,101,199,202,190,188,199,123,190,195,188,205,152,167,202,190,188,199,171,199,188,212,192,205,137,158,195,188,205,188,190,207,192,205,123,196,193,123,201,202,207,123,190,195,188,205,123,207,195,192,201,123,205,192,207,208,205,201,123,192,201,191,101,199,202,190,188,199,123,205,202,202,207,152,190,195,188,205,149,161,196,201,191,161,196,205,206,207,158,195,196,199,191,131,125,163,208,200,188,201,202,196,191,173,202,202,207,171,188,205,207,125,132,123,196,193,123,205,202,202,207,123,207,195,192,201,123,205,202,202,207,137,158,161,205,188,200,192,152,190,193,205,188,200,192,123,192,201,191,123,192,201,191,101,199,202,190,188,199,123,193,208,201,190,207,196,202,201,123,194,192,207,173,202,190,198,131,205,202,190,198,169,188,200,192,132,101,199,202,190,188,199,123,193,202,199,191,192,205,152,210,202,205,198,206,203,188,190,192,149,161,196,201,191,161,196,205,206,207,158,195,196,199,191,131,125,200,188,190,195,196,201,192,206,161,202,199,191,192,205,125,132,123,196,193,123,201,202,207,123,193,202,199,191,192,205,123,207,195,192,201,123,205,192,207,208,205,201,123,201,196,199,123,192,201,191,101,199,202,190,188,199,123,205,202,190,198,152,193,202,199,191,192,205,149,161,196,201,191,161,196,205,206,207,158,195,196,199,191,131,205,202,190,198,169,188,200,192,132,123,196,193,123,205,202,190,198,123,207,195,192,201,123,205,192,207,208,205,201,123,205,202,190,198,123,192,201,191,101,193,202,205,123,186,135,202,189,197,123,196,201,123,196,203,188,196,205,206,131,193,202,199,191,192,205,149,162,192,207,158,195,196,199,191,205,192,201,131,132,132,123,191,202,123,196,193,123,206,207,205,196,201,194,137,193,196,201,191,131,206,207,205,196,201,194,137,199,202,210,192,205,131,202,189,197,137,169,188,200,192,132,135,206,207,205,196,201,194,137,199,202,210,192,205,131,205,202,190,198,169,188,200,192,132,132,123,207,195,192,201,123,205,192,207,208,205,201,123,202,189,197,123,192,201,191,123,192,201,191,101,205,192,207,208,205,201,123,201,196,199,123,192,201,191,101,199,202,190,188,199,123,193,208,201,190,207,196,202,201,123,194,192,207,173,202,190,198,158,161,205,188,200,192,131,205,202,190,198,132,101,196,193,123,201,202,207,123,205,202,190,198,123,207,195,192,201,123,205,192,207,208,205,201,123,201,196,199,123,192,201,191,101,196,193,123,205,202,190,198,149,164,206,156,131,125,168,202,191,192,199,125,132,123,207,195,192,201,123,199,202,190,188,199,123,203,205,196,200,188,205,212,152,205,202,190,198,137,171,205,196,200,188,205,212,171,188,205,207,123,202,205,123,205,202,190,198,149,161,196,201,191,161,196,205,206,207,158,195,196,199,191,178,195,196,190,195,164,206,156,131,125,157,188,206,192,171,188,205,207,125,132,123,196,193,123,203,205,196,200,188,205,212,123,207,195,192,201,123,205,192,207,208,205,201,123,203,205,196,200,188,205,212,137,158,161,205,188,200,192,123,192,201,191,101,192,199,206,192,196,193,123,205,202,190,198,149,164,206,156,131,125,157,188,206,192,171,188,205,207,125,132,123,207,195,192,201,123,205,192,207,208,205,201,123,205,202,190,198,137,158,161,205,188,200,192,123,192,201,191,101,193,202,205,123,186,135,203,188,205,207,123,196,201,123,196,203,188,196,205,206,131,205,202,190,198,149,162,192,207,159,192,206,190,192,201,191,188,201,207,206,131,132,132,123,191,202,123,196,193,123,203,188,205,207,149,164,206,156,131,125,157,188,206,192,171,188,205,207,125,132,123,207,195,192,201,123,205,192,207,208,205,201,123,203,188,205,207,137,158,161,205,188,200,192,123,192,201,191,123,192,201,191,101,205,192,207,208,205,201,123,201,196,199,123,192,201,191,101,199,202,190,188,199,123,193,208,201,190,207,196,202,201,123,203,208,201,190,195,173,202,190,198,167,202,202,203,131,193,199,188,194,169,188,200,192,135,205,202,190,198,169,188,200,192,132,101,207,188,206,198,137,206,203,188,210,201,131,193,208,201,190,207,196,202,201,131,132,101,210,195,196,199,192,123,194,192,207,194,192,201,209,131,132,182,193,199,188,194,169,188,200,192,184,123,191,202,101,203,190,188,199,199,131,193,208,201,190,207,196,202,201,131,132,101,199,202,190,188,199,123,205,202,190,198,152,194,192,207,173,202,190,198,131,205,202,190,198,169,188,200,192,132,123,199,202,190,188,199,123,205,202,190,198,158,161,152,194,192,207,173,202,190,198,158,161,205,188,200,192,131,205,202,190,198,132,101,199,202,190,188,199,123,190,195,188,205,152,167,202,190,188,199,171,199,188,212,192,205,137,158,195,188,205,188,190,207,192,205,123,199,202,190,188,199,123,205,202,202,207,152,190,195,188,205,123,188,201,191,123,190,195,188,205,149,161,196,201,191,161,196,205,206,207,158,195,196,199,191,131,125,163,208,200,188,201,202,196,191,173,202,202,207,171,188,205,207,125,132,101,196,193,123,205,202,190,198,158,161,123,188,201,191,123,205,202,202,207,123,207,195,192,201,123,205,202,202,207,137,158,161,205,188,200,192,152,205,202,190,198,158,161,133,158,161,205,188,200,192,137,201,192,210,131,139,135,139,135,143,132,123,192,201,191,101,199,202,190,188,199,123,203,208,201,190,195,152,192,204,208,196,203,171,208,201,190,195,131,132,123,196,193,123,203,208,201,190,195,123,207,195,192,201,123,203,208,201,190,195,149,156,190,207,196,209,188,207,192,131,132,123,192,201,191,101,196,193,123,168,208,206,190,199,192,160,209,192,201,207,123,207,195,192,201,123,168,208,206,190,199,192,160,209,192,201,207,149,161,196,205,192,174,192,205,209,192,205,131,125,203,208,201,190,195,125,132,123,168,208,206,190,199,192,160,209,192,201,207,149,161,196,205,192,174,192,205,209,192,205,131,125,205,192,203,125,132,123,192,201,191,101,192,201,191,132,123,207,188,206,198,137,210,188,196,207,131,139,137,140,141,132,101,192,201,191,123,192,201,191,132,123,192,201,191,101,199,202,190,188,199,123,178,196,201,191,176,164,152,199,202,188,191,206,207,205,196,201,194,131,194,188,200,192,149,163,207,207,203,162,192,207,131,125,195,207,207,203,206,149,138,138,194,196,207,195,208,189,137,190,202,200,138,161,202,202,207,188,194,192,206,208,206,138,178,196,201,191,176,164,138,205,192,199,192,188,206,192,206,138,199,188,207,192,206,207,138,191,202,210,201,199,202,188,191,138,200,188,196,201,137,199,208,188,125,132,132,131,132,101,199,202,190,188,199,123,178,196,201,191,202,210,152,178,196,201,191,176,164,149,158,205,192,188,207,192,178,196,201,191,202,210,131,214,175,196,207,199,192,152,125,159,156,169,123,163,176,157,125,135,156,208,207,195,202,205,152,125,168,208,206,190,199,192,123,167,192,194,192,201,191,206,125,135,161,202,199,191,192,205,152,125,159,156,169,163,176,157,158,202,201,193,196,194,206,125,135,174,196,213,192,152,176,159,196,200,141,137,193,205,202,200,170,193,193,206,192,207,131,144,147,139,135,144,141,139,132,135,175,205,188,201,206,203,188,205,192,201,207,152,207,205,208,192,135,175,195,192,200,192,152,125,159,188,205,198,125,216,132,101,199,202,190,188,199,123,168,188,196,201,175,188,189,152,178,196,201,191,202,210,149,175,188,189,131,214,175,196,207,199,192,152,125,168,188,196,201,125,135,164,190,202,201,152,125,195,202,200,192,125,216,132,101,199,202,190,188,199,123,171,192,207,175,188,189,152,178,196,201,191,202,210,149,175,188,189,131,214,175,196,207,199,192,152,125,171,192,207,206,123,188,201,191,123,158,205,212,206,207,188,199,206,125,135,164,190,202,201,152,125,203,188,210,136,203,205,196,201,207,125,216,132,101,199,202,190,188,199,123,175,192,199,192,203,202,205,207,175,188,189,152,178,196,201,191,202,210,149,175,188,189,131,214,175,196,207,199,192,152,125,175,192,199,192,203,202,205,207,206,125,135,164,190,202,201,152,125,200,188,203,136,203,196,201,125,216,132,101,199,202,190,188,199,123,168,196,206,190,175,188,189,152,178,196,201,191,202,210,149,175,188,189,131,214,175,196,207,199,192,152,125,168,196,206,190,125,135,164,190,202,201,152,125,206,192,207,207,196,201,194,206,125,216,132,101,199,202,190,188,199,123,173,202,190,198,206,175,188,189,152,178,196,201,191,202,210,149,175,188,189,131,214,175,196,207,199,192,152,125,173,202,190,198,206,125,135,164,190,202,201,152,125,200,202,208,201,207,188,196,201,125,216,132,101,199,202,190,188,199,123,158,205,192,191,196,207,206,175,188,189,152,178,196,201,191,202,210,149,175,188,189,131,214,175,196,207,199,192,152,125,158,205,192,191,196,207,206,125,135,164,190,202,201,152,125,196,201,193,202,125,216,132,101,168,188,196,201,175,188,189,149,174,192,190,207,196,202,201,131,214,175,196,207,199,192,152,125,156,208,207,202,123,161,188,205,200,123,174,192,207,207,196,201,194,206,125,216,132,101,168,188,196,201,175,188,189,149,175,202,194,194,199,192,131,214,175,196,207,199,192,152,125,156,208,207,202,123,161,188,206,207,123,173,192,203,206,125,135,177,188,199,208,192,152,193,188,199,206,192,135,158,188,199,199,189,188,190,198,152,193,208,201,190,207,196,202,201,131,177,188,199,208,192,132,101,194,192,207,194,192,201,209,131,132,137,188,208,207,202,173,192,203,152,177,188,199,208,192,101,196,193,123,177,188,199,208,192,123,207,195,192,201,123,207,188,206,198,137,206,203,188,210,201,131,193,208,201,190,207,196,202,201,131,132,123,210,195,196,199,192,123,194,192,207,194,192,201,209,131,132,137,188,208,207,202,173,192,203,123,191,202,123,203,190,188,199,199,131,193,208,201,190,207,196,202,201,131,132,101,199,202,190,188,199,123,207,202,202,199,152,194,192,207,160,204,208,196,203,203,192,191,175,202,202,199,131,132,101,196,193,123,168,208,206,190,199,192,160,209,192,201,207,123,207,195,192,201,123,193,202,205,123,196,152,140,135,142,123,191,202,123,168,208,206,190,199,192,160,209,192,201,207,149,161,196,205,192,174,192,205,209,192,205,131,125,205,192,203,125,132,123,192,201,191,123,192,201,191,101,196,193,123,207,202,202,199,123,207,195,192,201,123,207,202,202,199,149,156,190,207,196,209,188,207,192,131,132,123,192,201,191,101,192,201,191,132,123,207,188,206,198,137,210,188,196,207,131,139,137,140,132,123,192,201,191,123,192,201,191,132,123,192,201,191,123,192,201,191,216,132,101,168,188,196,201,175,188,189,149,175,202,194,194,199,192,131,214,175,196,207,199,192,152,125,161,188,206,207,123,156,208,207,202,123,173,192,189,196,205,207,195,125,135,159,192,206,190,152,125,173,188,203,196,191,199,212,123,188,207,207,192,200,203,207,206,123,207,202,123,205,192,189,196,205,207,195,125,135,177,188,199,208,192,152,193,188,199,206,192,135,158,188,199,199,189,188,190,198,152,193,208,201,190,207,196,202,201,131,177,188,199,208,192,132,101,194,192,207,194,192,201,209,131,132,137,188,208,207,202,173,192,189,196,205,207,195,152,177,188,199,208,192,101,196,193,123,177,188,199,208,192,123,207,195,192,201,123,207,188,206,198,137,206,203,188,210,201,131,193,208,201,190,207,196,202,201,131,132,123,210,195,196,199,192,123,194,192,207,194,192,201,209,131,132,137,188,208,207,202,173,192,189,196,205,207,195,123,191,202,123,203,190,188,199,199,131,193,208,201,190,207,196,202,201,131,132,101,196,193,123,168,208,206,190,199,192,160,209,192,201,207,123,207,195,192,201,123,168,208,206,190,199,192,160,209,192,201,207,149,161,196,205,192,174,192,205,209,192,205,131,125,205,192,189,196,205,207,195,173,192,204,208,192,206,207,125,132,123,192,201,191,101,199,202,190,188,199,123,205,152,173,192,200,202,207,192,160,209,192,201,207,206,123,188,201,191,123,173,192,200,202,207,192,160,209,192,201,207,206,149,161,196,201,191,161,196,205,206,207,158,195,196,199,191,131,125,205,192,189,196,205,207,195,173,192,200,202,207,192,125,132,101,196,193,123,205,123,207,195,192,201,123,205,149,164,201,209,202,198,192,174,192,205,209,192,205,131,125,205,192,189,196,205,207,195,173,192,204,208,192,206,207,125,132,123,192,201,191,101,192,201,191,132,123,207,188,206,198,137,210,188,196,207,131,139,137,142,144,132,123,192,201,191,123,192,201,191,132,123,192,201,191,123,192,201,191,216,132,101,171,192,207,175,188,189,149,174,192,190,207,196,202,201,131,214,175,196,207,199,192,152,125,158,205,212,206,207,188,199,123,170,203,192,201,192,205,125,216,132,101,171,192,207,175,188,189,149,175,202,194,194,199,192,131,214,175,196,207,199,192,152,125,156,208,207,202,123,170,203,192,201,123,174,192,190,205,192,207,123,177,202,196,191,123,158,205,212,206,207,188,199,125,135,177,188,199,208,192,152,193,188,199,206,192,135,158,188,199,199,189,188,190,198,152,193,208,201,190,207,196,202,201,131,177,188,199,208,192,132,101,194,192,207,194,192,201,209,131,132,137,188,208,207,202,163,188,207,190,195,152,177,188,199,208,192,101,196,193,123,177,188,199,208,192,123,207,195,192,201,123,207,188,206,198,137,206,203,188,210,201,131,193,208,201,190,207,196,202,201,131,132,123,210,195,196,199,192,123,194,192,207,194,192,201,209,131,132,137,188,208,207,202,163,188,207,190,195,123,191,202,101,199,202,190,188,199,123,205,152,173,192,200,202,207,192,160,209,192,201,207,206,149,161,196,201,191,161,196,205,206,207,158,195,196,199,191,131,125,202,203,192,201,158,205,212,206,207,188,199,173,192,200,202,207,192,125,132,101,196,193,123,205,123,207,195,192,201,123,203,190,188,199,199,131,193,208,201,190,207,196,202,201,131,132,123,205,149,164,201,209,202,198,192,174,192,205,209,192,205,131,125,202,203,192,201,158,205,212,206,207,188,199,125,135,125,174,192,190,205,192,207,123,177,202,196,191,123,158,205,212,206,207,188,199,125,135,140,132,123,192,201,191,132,123,192,201,191,101,207,188,206,198,137,210,188,196,207,131,139,137,140,144,132,123,192,201,191,123,192,201,191,132,123,192,201,191,123,192,201,191,216,132,101,171,192,207,175,188,189,149,174,192,190,207,196,202,201,131,214,175,196,207,199,192,152,125,168,188,206,206,123,160,204,208,196,203,123,138,123,176,201,192,204,208,196,203,125,216,132,101,171,192,207,175,188,189,149,157,208,207,207,202,201,131,214,175,196,207,199,192,152,125,160,204,208,196,203,123,138,123,176,201,192,204,208,196,203,123,156,199,199,123,176,201,196,204,208,192,123,171,192,207,206,125,135,158,188,199,199,189,188,190,198,152,193,208,201,190,207,196,202,201,131,132,101,208,201,196,204,208,192,171,192,207,206,160,204,208,196,203,203,192,191,152,201,202,207,123,208,201,196,204,208,192,171,192,207,206,160,204,208,196,203,203,192,191,123,200,188,206,206,175,202,194,194,199,192,171,192,207,206,131,125,176,201,196,204,208,192,125,135,208,201,196,204,208,192,171,192,207,206,160,204,208,196,203,203,192,191,132,101,178,196,201,191,176,164,149,169,202,207,196,193,212,131,214,175,196,207,199,192,152,125,176,201,196,204,208,192,123,171,192,207,206,125,135,158,202,201,207,192,201,207,152,208,201,196,204,208,192,171,192,207,206,160,204,208,196,203,203,192,191,123,188,201,191,123,125,160,204,208,196,203,203,192,191,124,125,123,202,205,123,125,176,201,192,204,208,196,203,203,192,191,124,125,135,159,208,205,188,207,196,202,201,152,142,216,132,123,192,201,191,216,132,101,171,192,207,175,188,189,149,157,208,207,207,202,201,131,214,175,196,207,199,192,152,125,160,204,208,196,203,123,138,123,176,201,192,204,208,196,203,123,156,199,199,123,170,200,192,194,188,123,171,192,207,206,125,135,158,188,199,199,189,188,190,198,152,193,208,201,190,207,196,202,201,131,132,101,202,200,192,194,188,171,192,207,206,160,204,208,196,203,203,192,191,152,201,202,207,123,202,200,192,194,188,171,192,207,206,160,204,208,196,203,203,192,191,123,200,188,206,206,175,202,194,194,199,192,171,192,207,206,131,125,170,200,192,194,188,125,135,202,200,192,194,188,171,192,207,206,160,204,208,196,203,203,192,191,132,101,178,196,201,191,176,164,149,169,202,207,196,193,212,131,214,175,196,207,199,192,152,125,170,200,192,194,188,123,171,192,207,206,125,135,158,202,201,207,192,201,207,152,202,200,192,194,188,171,192,207,206,160,204,208,196,203,203,192,191,123,188,201,191,123,125,160,204,208,196,203,203,192,191,124,125,123,202,205,123,125,176,201,192,204,208,196,203,203,192,191,124,125,135,159,208,205,188,207,196,202,201,152,142,216,132,123,192,201,191,216,132,101,171,192,207,175,188,189,149,174,192,190,207,196,202,201,131,214,175,196,207,199,192,152,125,156,208,207,202,123,174,192,199,199,125,216,132,101,171,192,207,175,188,189,149,175,202,194,194,199,192,131,214,175,196,207,199,192,152,125,156,208,207,202,123,174,192,199,199,123,160,203,196,190,123,171,192,207,206,125,135,177,188,199,208,192,152,193,188,199,206,192,135,158,188,199,199,189,188,190,198,152,193,208,201,190,207,196,202,201,131,177,188,199,208,192,132,101,194,192,207,194,192,201,209,131,132,137,188,208,207,202,174,192,199,199,152,177,188,199,208,192,101,196,193,123,177,188,199,208,192,123,207,195,192,201,123,207,188,206,198,137,206,203,188,210,201,131,193,208,201,190,207,196,202,201,131,132,123,210,195,196,199,192,123,194,192,207,194,192,201,209,131,132,137,188,208,207,202,174,192,199,199,123,191,202,123,200,188,206,206,174,192,199,199,171,192,207,206,131,125,160,203,196,190,125,132,123,207,188,206,198,137,210,188,196,207,131,139,137,144,132,123,192,201,191,123,192,201,191,132,123,192,201,191,123,192,201,191,216,132,101,171,192,207,175,188,189,149,174,192,190,207,196,202,201,131,214,175,196,207,199,192,152,125,156,208,207,202,123,169,202,205,200,188,199,123,160,209,202,199,209,192,125,216,132,101,171,192,207,175,188,189,149,159,205,202,203,191,202,210,201,131,214,175,196,207,199,192,152,125,169,202,205,200,188,199,123,160,209,202,199,209,192,123,175,188,205,194,192,207,123,161,196,199,207,192,205,125,135,177,188,199,208,192,206,152,214,125,157,202,207,195,125,135,125,160,203,196,190,125,135,125,176,201,196,204,208,192,125,135,125,170,200,192,194,188,125,135,125,156,199,199,125,216,135,177,188,199,208,192,152,125,157,202,207,195,125,135,158,188,199,199,189,188,190,198,152,193,208,201,190,207,196,202,201,131,170,203,207,196,202,201,132,123,194,192,207,194,192,201,209,131,132,137,192,209,202,199,209,192,168,202,191,192,152,170,203,207,196,202,201,123,192,201,191,216,132,101,171,192,207,175,188,189,149,175,202,194,194,199,192,131,214,175,196,207,199,192,152,125,156,208,207,202,123,160,209,202,199,209,192,123,171,192,207,206,125,135,177,188,199,208,192,152,193,188,199,206,192,135,158,188,199,199,189,188,190,198,152,193,208,201,190,207,196,202,201,131,177,188,199,208,192,132,101,194,192,207,194,192,201,209,131,132,137,188,208,207,202,160,209,202,199,209,192,152,177,188,199,208,192,101,196,193,123,177,188,199,208,192,123,207,195,192,201,123,207,188,206,198,137,206,203,188,210,201,131,193,208,201,190,207,196,202,201,131,132,123,210,195,196,199,192,123,194,192,207,194,192,201,209,131,132,137,188,208,207,202,160,209,202,199,209,192,123,191,202,101,199,202,190,188,199,123,200,202,191,192,152,194,192,207,194,192,201,209,131,132,137,192,209,202,199,209,192,168,202,191,192,101,199,202,190,188,199,123,207,188,205,194,192,207,206,152,200,202,191,192,152,152,125,157,202,207,195,125,123,188,201,191,123,214,125,160,203,196,190,125,135,125,176,201,196,204,208,192,125,216,123,202,205,123,200,202,191,192,152,152,125,156,199,199,125,123,188,201,191,123,214,125,158,202,200,200,202,201,125,135,125,176,201,190,202,200,200,202,201,125,135,125,173,188,205,192,125,135,125,160,203,196,190,125,135,125,176,201,196,204,208,192,125,135,125,170,200,192,194,188,125,216,123,202,205,123,214,200,202,191,192,216,101,193,202,205,123,186,135,205,188,205,196,207,212,123,196,201,123,196,203,188,196,205,206,131,207,188,205,194,192,207,206,132,123,191,202,101,199,202,190,188,199,123,193,202,199,191,192,205,152,167,202,190,188,199,171,199,188,212,192,205,149,161,196,201,191,161,196,205,206,207,158,195,196,199,191,131,125,203,192,207,206,161,202,199,191,192,205,125,132,123,188,201,191,123,167,202,190,188,199,171,199,188,212,192,205,137,203,192,207,206,161,202,199,191,192,205,149,161,196,201,191,161,196,205,206,207,158,195,196,199,191,131,205,188,205,196,207,212,132,101,199,202,190,188,199,123,192,209,202,199,209,192,173,192,200,202,207,192,152,173,192,200,202,207,192,160,209,192,201,207,206,149,161,196,201,191,161,196,205,206,207,158,195,196,199,191,131,125,203,192,207,160,209,202,199,209,192,160,209,192,201,207,125,132,101,196,193,123,193,202,199,191,192,205,123,188,201,191,123,192,209,202,199,209,192,173,192,200,202,207,192,123,207,195,192,201,123,193,202,205,123,186,135,203,192,207,123,196,201,123,196,203,188,196,205,206,131,193,202,199,191,192,205,149,162,192,207,158,195,196,199,191,205,192,201,131,132,132,123,191,202,101,196,193,123,201,202,207,123,206,207,205,196,201,194,137,193,196,201,191,131,203,192,207,137,169,188,200,192,135,125,160,209,202,199,209,192,191,125,132,123,188,201,191,123,201,202,207,123,206,207,205,196,201,194,137,193,196,201,191,131,203,192,207,137,169,188,200,192,135,125,175,196,207,188,201,125,132,123,207,195,192,201,123,192,209,202,199,209,192,173,192,200,202,207,192,149,161,196,205,192,174,192,205,209,192,205,131,125,192,209,202,199,209,192,171,192,207,125,135,203,192,207,132,123,207,188,206,198,137,210,188,196,207,131,139,137,139,147,132,123,192,201,191,101,192,201,191,123,192,201,191,123,192,201,191,123,207,188,206,198,137,210,188,196,207,131,139,137,144,132,123,192,201,191,123,192,201,191,132,123,192,201,191,123,192,201,191,216,132,101,171,192,207,175,188,189,149,174,192,190,207,196,202,201,131,214,175,196,207,199,192,152,125,156,208,207,202,123,175,196,207,188,201,123,160,209,202,199,209,192,125,216,132,101,171,192,207,175,188,189,149,159,205,202,203,191,202,210,201,131,214,175,196,207,199,192,152,125,175,196,207,188,201,123,160,209,202,199,209,192,123,175,188,205,194,192,207,123,161,196,199,207,192,205,125,135,177,188,199,208,192,206,152,214,125,157,202,207,195,125,135,125,160,203,196,190,125,135,125,176,201,196,204,208,192,125,135,125,170,200,192,194,188,125,135,125,156,199,199,125,216,135,177,188,199,208,192,152,125,157,202,207,195,125,135,158,188,199,199,189,188,190,198,152,193,208,201,190,207,196,202,201,131,170,203,207,196,202,201,132,123,194,192,207,194,192,201,209,131,132,137,207,196,207,188,201,168,202,191,192,152,170,203,207,196,202,201,123,192,201,191,216,132,101,171,192,207,175,188,189,149,175,202,194,194,199,192,131,214,175,196,207,199,192,152,125,156,208,207,202,123,175,196,207,188,201,123,160,209,202,199,209,192,123,171,192,207,206,125,135,177,188,199,208,192,152,193,188,199,206,192,135,158,188,199,199,189,188,190,198,152,193,208,201,190,207,196,202,201,131,177,188,199,208,192,132,101,194,192,207,194,192,201,209,131,132,137,188,208,207,202,175,196,207,188,201,152,177,188,199,208,192,101,196,193,123,177,188,199,208,192,123,207,195,192,201,123,207,188,206,198,137,206,203,188,210,201,131,193,208,201,190,207,196,202,201,131,132,123,210,195,196,199,192,123,194,192,207,194,192,201,209,131,132,137,188,208,207,202,175,196,207,188,201,123,191,202,101,199,202,190,188,199,123,200,202,191,192,152,194,192,207,194,192,201,209,131,132,137,207,196,207,188,201,168,202,191,192,101,199,202,190,188,199,123,207,188,205,194,192,207,206,152,200,202,191,192,152,152,125,157,202,207,195,125,123,188,201,191,123,214,125,160,203,196,190,125,135,125,176,201,196,204,208,192,125,216,123,202,205,123,200,202,191,192,152,152,125,156,199,199,125,123,188,201,191,123,214,125,158,202,200,200,202,201,125,135,125,176,201,190,202,200,200,202,201,125,135,125,173,188,205,192,125,135,125,160,203,196,190,125,135,125,176,201,196,204,208,192,125,135,125,170,200,192,194,188,125,216,123,202,205,123,214,200,202,191,192,216,101,193,202,205,123,186,135,205,188,205,196,207,212,123,196,201,123,196,203,188,196,205,206,131,207,188,205,194,192,207,206,132,123,191,202,101,199,202,190,188,199,123,193,202,199,191,192,205,152,167,202,190,188,199,171,199,188,212,192,205,149,161,196,201,191,161,196,205,206,207,158,195,196,199,191,131,125,203,192,207,206,161,202,199,191,192,205,125,132,123,188,201,191,123,167,202,190,188,199,171,199,188,212,192,205,137,203,192,207,206,161,202,199,191,192,205,149,161,196,201,191,161,196,205,206,207,158,195,196,199,191,131,205,188,205,196,207,212,132,101,199,202,190,188,199,123,192,209,202,199,209,192,173,192,200,202,207,192,152,173,192,200,202,207,192,160,209,192,201,207,206,149,161,196,201,191,161,196,205,206,207,158,195,196,199,191,131,125,203,192,207,160,209,202,199,209,192,160,209,192,201,207,125,132,101,196,193,123,193,202,199,191,192,205,123,188,201,191,123,192,209,202,199,209,192,173,192,200,202,207,192,123,207,195,192,201,123,193,202,205,123,186,135,203,192,207,123,196,201,123,196,203,188,196,205,206,131,193,202,199,191,192,205,149,162,192,207,158,195,196,199,191,205,192,201,131,132,132,123,191,202,101,196,193,123,201,202,207,123,206,207,205,196,201,194,137,193,196,201,191,131,203,192,207,137,169,188,200,192,135,125,175,196,207,188,201,125,132,123,207,195,192,201,123,192,209,202,199,209,192,173,192,200,202,207,192,149,161,196,205,192,174,192,205,209,192,205,131,125,192,209,202,199,209,192,175,196,207,188,201,125,135,203,192,207,132,123,207,188,206,198,137,210,188,196,207,131,139,137,139,147,132,123,192,201,191,101,192,201,191,123,192,201,191,123,192,201,191,123,207,188,206,198,137,210,188,196,207,131,139,137,144,132,123,192,201,191,123,192,201,191,132,123,192,201,191,123,192,201,191,216,132,101,175,192,199,192,203,202,205,207,175,188,189,149,174,192,190,207,196,202,201,131,214,175,196,207,199,192,152,125,175,192,199,192,203,202,205,207,123,167,202,190,188,207,196,202,201,206,125,216,132,101,193,202,205,123,186,135,194,212,200,164,201,193,202,123,196,201,123,196,203,188,196,205,206,131,194,212,200,206,132,123,191,202,101,175,192,199,192,203,202,205,207,175,188,189,149,157,208,207,207,202,201,131,214,175,196,207,199,192,152,125,175,192,199,192,203,202,205,207,123,207,202,123,125,137,137,194,212,200,164,201,193,202,182,140,184,135,158,188,199,199,189,188,190,198,152,193,208,201,190,207,196,202,201,131,132,123,207,192,199,192,203,202,205,207,175,202,131,194,212,200,164,201,193,202,182,141,184,132,123,192,201,191,216,132,123,192,201,191,101,168,196,206,190,175,188,189,149,174,192,190,207,196,202,201,131,214,175,196,207,199,192,152,125,172,208,192,206,207,206,123,129,123,173,192,210,188,205,191,206,125,216,132,101,168,196,206,190,175,188,189,149,175,202,194,194,199,192,131,214,175,196,207,199,192,152,125,156,208,207,202,123,158,199,188,196,200,123,172,208,192,206,207,125,135,159,192,206,190,152,125,156,208,207,202,200,188,207,196,190,188,199,199,212,123,190,199,188,196,200,206,123,188,209,188,196,199,188,189,199,192,123,204,208,192,206,207,206,125,135,177,188,199,208,192,152,193,188,199,206,192,135,158,188,199,199,189,188,190,198,152,193,208,201,190,207,196,202,201,131,177,188,199,208,192,132,101,194,192,207,194,192,201,209,131,132,137,188,208,207,202,172,208,192,206,207,152,177,188,199,208,192,101,196,193,123,177,188,199,208,192,123,207,195,192,201,123,207,188,206,198,137,206,203,188,210,201,131,193,208,201,190,207,196,202,201,131,132,123,210,195,196,199,192,123,194,192,207,194,192,201,209,131,132,137,188,208,207,202,172,208,192,206,207,123,191,202,123,203,190,188,199,199,131,193,208,201,190,207,196,202,201,131,132,101,199,202,190,188,199,123,205,152,173,192,200,202,207,192,160,209,192,201,207,206,149,161,196,201,191,161,196,205,206,207,158,195,196,199,191,131,125,204,208,192,206,207,173,192,200,202,207,192,125,132,123,202,205,123,173,192,200,202,207,192,160,209,192,201,207,206,149,161,196,201,191,161,196,205,206,207,158,195,196,199,191,131,125,190,199,188,196,200,172,208,192,206,207,173,192,200,202,207,192,125,132,123,202,205,123,173,192,200,202,207,192,160,209,192,201,207,206,149,161,196,201,191,161,196,205,206,207,158,195,196,199,191,131,125,204,208,192,206,207,206,160,209,192,201,207,125,132,101,196,193,123,205,123,207,195,192,201,123,196,193,123,205,149,164,206,156,131,125,173,192,200,202,207,192,160,209,192,201,207,125,132,123,207,195,192,201,123,205,149,161,196,205,192,174,192,205,209,192,205,131,125,190,199,188,196,200,172,208,192,206,207,125,132,123,205,149,161,196,205,192,174,192,205,209,192,205,131,125,190,199,188,196,200,156,199,199,125,132,123,192,199,206,192,123,205,149,164,201,209,202,198,192,174,192,205,209,192,205,131,125,190,199,188,196,200,172,208,192,206,207,125,132,123,205,149,164,201,209,202,198,192,174,192,205,209,192,205,131,125,190,199,188,196,200,156,199,199,125,132,123,192,201,191,123,192,201,191,101,192,201,191,132,123,207,188,206,198,137,210,188,196,207,131,141,132,123,192,201,191,123,192,201,191,132,123,192,201,191,123,192,201,191,216,132,101,168,196,206,190,175,188,189,149,175,202,194,194,199,192,131,214,175,196,207,199,192,152,125,156,208,207,202,123,174,203,196,201,123,131,161,202,205,207,208,201,192,132,125,135,159,192,206,190,152,125,156,208,207,202,200,188,207,196,190,188,199,199,212,123,206,203,196,201,206,123,207,195,192,123,191,188,196,199,212,123,193,202,205,207,208,201,192,123,210,195,192,192,199,125,135,177,188,199,208,192,152,193,188,199,206,192,135,158,188,199,199,189,188,190,198,152,193,208,201,190,207,196,202,201,131,177,188,199,208,192,132,101,194,192,207,194,192,201,209,131,132,137,188,208,207,202,174,203,196,201,152,177,188,199,208,192,101,196,193,123,177,188,199,208,192,123,207,195,192,201,123,207,188,206,198,137,206,203,188,210,201,131,193,208,201,190,207,196,202,201,131,132,123,210,195,196,199,192,123,194,192,207,194,192,201,209,131,132,137,188,208,207,202,174,203,196,201,123,191,202,123,203,190,188,199,199,131,193,208,201,190,207,196,202,201,131,132,101,199,202,190,188,199,123,160,209,192,201,207,152,173,192,203,199,196,190,188,207,192,191,174,207,202,205,188,194,192,137,205,160,209,192,201,207,206,137,202,203,192,201,161,202,205,207,208,201,192,178,195,192,192,199,173,192,200,202,207,192,101,199,202,190,188,199,123,190,195,188,201,190,192,206,152,173,192,203,199,196,190,188,207,192,191,174,207,202,205,188,194,192,137,206,195,188,205,192,191,137,190,188,207,188,199,202,194,206,137,193,202,205,207,208,201,192,178,195,192,192,199,158,195,188,201,190,192,206,182,125,161,202,205,207,208,201,192,123,178,195,192,192,199,125,184,101,160,209,192,201,207,149,164,201,209,202,198,192,174,192,205,209,192,205,131,125,202,203,192,201,161,202,205,207,208,201,192,178,195,192,192,199,125,135,190,195,188,201,190,192,206,132,101,192,201,191,132,123,207,188,206,198,137,210,188,196,207,131,142,132,123,192,201,191,123,192,201,191,132,123,192,201,191,123,192,201,191,216,132,101,168,196,206,190,175,188,189,149,174,192,190,207,196,202,201,131,214,175,196,207,199,192,152,125,175,202,202,199,206,125,216,132,101,168,196,206,190,175,188,189,149,175,202,194,194,199,192,131,214,175,196,207,199,192,152,125,159,202,208,189,199,192,123,160,204,208,196,203,123,131,178,192,196,194,195,207,123,134,123,171,208,206,195,208,203,206,132,125,135,159,192,206,190,152,125,166,192,192,203,206,123,189,202,207,195,123,178,192,196,194,195,207,123,188,201,191,123,171,208,206,195,208,203,206,123,205,192,188,191,212,125,135,177,188,199,208,192,152,193,188,199,206,192,135,158,188,199,199,189,188,190,198,152,193,208,201,190,207,196,202,201,131,177,188,199,208,192,132,101,194,192,207,194,192,201,209,131,132,137,191,202,208,189,199,192,160,204,208,196,203,152,177,188,199,208,192,101,196,193,123,177,188,199,208,192,123,207,195,192,201,123,207,188,206,198,137,206,203,188,210,201,131,193,208,201,190,207,196,202,201,131,132,123,210,195,196,199,192,123,194,192,207,194,192,201,209,131,132,137,191,202,208,189,199,192,160,204,208,196,203,123,191,202,123,203,190,188,199,199,131,193,208,201,190,207,196,202,201,131,132,101,199,202,190,188,199,123,190,195,188,205,152,167,202,190,188,199,171,199,188,212,192,205,137,158,195,188,205,188,190,207,192,205,123,199,202,190,188,199,123,189,203,152,167,202,190,188,199,171,199,188,212,192,205,149,161,196,201,191,161,196,205,206,207,158,195,196,199,191,131,125,157,188,190,198,203,188,190,198,125,132,101,196,193,123,201,202,207,123,190,195,188,205,123,202,205,123,201,202,207,123,189,203,123,207,195,192,201,123,205,192,207,208,205,201,123,192,201,191,101,199,202,190,188,199,123,210,152,189,203,149,161,196,201,191,161,196,205,206,207,158,195,196,199,191,131,125,178,192,196,194,195,207,125,132,123,202,205,123,190,195,188,205,149,161,196,201,191,161,196,205,206,207,158,195,196,199,191,131,125,178,192,196,194,195,207,125,132,101,199,202,190,188,199,123,203,152,189,203,149,161,196,201,191,161,196,205,206,207,158,195,196,199,191,131,125,171,208,206,195,208,203,206,125,132,123,202,205,123,190,195,188,205,149,161,196,201,191,161,196,205,206,207,158,195,196,199,191,131,125,171,208,206,195,208,203,206,125,132,123,202,205,123,189,203,149,161,196,201,191,161,196,205,206,207,158,195,196,199,191,131,125,171,208,206,195,123,176,203,206,125,132,123,202,205,123,190,195,188,205,149,161,196,201,191,161,196,205,206,207,158,195,196,199,191,131,125,171,208,206,195,123,176,203,206,125,132,101,196,193,123,210,123,188,201,191,123,210,137,171,188,205,192,201,207,152,152,189,203,123,207,195,192,201,123,190,195,188,205,137,163,208,200,188,201,202,196,191,149,160,204,208,196,203,175,202,202,199,131,210,132,123,207,188,206,198,137,210,188,196,207,131,139,137,140,144,132,123,192,201,191,101,196,193,123,203,123,188,201,191,123,203,137,171,188,205,192,201,207,152,152,189,203,123,207,195,192,201,123,190,195,188,205,137,163,208,200,188,201,202,196,191,149,160,204,208,196,203,175,202,202,199,131,203,132,123,192,201,191,101,192,201,191,132,123,207,188,206,198,137,210,188,196,207,131,139,137,147,132,123,192,201,191,123,192,201,191,132,123,192,201,191,123,192,201,191,216,132,101,173,202,190,198,206,175,188,189,149,174,192,190,207,196,202,201,131,214,175,196,207,199,192,152,125,168,176,174,175,123,163,156,177,160,123,175,163,160,123,173,160,172,176,164,173,160,168,160,169,175,123,161,170,173,123,175,163,160,123,173,170,158,166,125,216,132,101,173,202,190,198,206,175,188,189,149,171,188,205,188,194,205,188,203,195,131,214,175,196,207,199,192,152,125,173,192,204,208,196,205,192,200,192,201,207,123,164,201,193,202,125,135,159,192,206,190,152,125,180,202,208,123,201,192,192,191,123,192,201,202,208,194,195,123,159,208,205,188,189,196,199,196,207,212,137,123,170,201,199,212,123,192,201,188,189,199,192,123,140,123,205,202,190,198,123,188,207,123,188,123,207,196,200,192,137,125,216,132,101,173,202,190,198,206,175,188,189,149,174,192,190,207,196,202,201,131,214,175,196,207,199,192,152,125,156,208,207,202,123,171,208,201,190,195,123,173,202,190,198,206,125,216,132,101,173,202,190,198,206,175,188,189,149,171,188,205,188,194,205,188,203,195,131,214,175,196,207,199,192,152,125,175,196,201,212,123,164,206,199,188,201,191,123,173,202,190,198,125,135,159,192,206,190,152,125,173,192,204,208,196,205,192,200,192,201,207,149,123,139,123,159,208,205,188,189,196,199,196,207,212,125,216,132,101,173,202,190,198,206,175,188,189,149,175,202,194,194,199,192,131,214,175,196,207,199,192,152,125,156,208,207,202,123,171,208,201,190,195,123,175,196,201,212,123,164,206,199,188,201,191,123,173,202,190,198,125,135,177,188,199,208,192,152,193,188,199,206,192,135,158,188,199,199,189,188,190,198,152,193,208,201,190,207,196,202,201,131,177,188,199,208,192,132,123,194,192,207,194,192,201,209,131,132,137,203,208,201,190,195,175,196,201,212,152,177,188,199,208,192,123,196,193,123,177,188,199,208,192,123,207,195,192,201,123,203,208,201,190,195,173,202,190,198,167,202,202,203,131,125,203,208,201,190,195,175,196,201,212,125,135,125,175,196,201,212,123,173,202,190,198,125,132,123,192,201,191,123,192,201,191,216,132,101,173,202,190,198,206,175,188,189,149,171,188,205,188,194,205,188,203,195,131,214,175,196,207,199,192,152,125,161,205,202,213,192,201,123,164,206,199,188,201,191,123,173,202,190,198,125,135,159,192,206,190,152,125,173,192,204,208,196,205,192,200,192,201,207,149,123,140,144,139,166,123,159,208,205,188,189,196,199,196,207,212,125,216,132,101,173,202,190,198,206,175,188,189,149,175,202,194,194,199,192,131,214,175,196,207,199,192,152,125,156,208,207,202,123,171,208,201,190,195,123,161,205,202,213,192,201,123,164,206,199,188,201,191,123,173,202,190,198,125,135,177,188,199,208,192,152,193,188,199,206,192,135,158,188,199,199,189,188,190,198,152,193,208,201,190,207,196,202,201,131,177,188,199,208,192,132,123,194,192,207,194,192,201,209,131,132,137,203,208,201,190,195,161,205,202,213,192,201,152,177,188,199,208,192,123,196,193,123,177,188,199,208,192,123,207,195,192,201,123,203,208,201,190,195,173,202,190,198,167,202,202,203,131,125,203,208,201,190,195,161,205,202,213,192,201,125,135,125,161,205,202,213,192,201,123,173,202,190,198,125,132,123,192,201,191,123,192,201,191,216,132,101,173,202,190,198,206,175,188,189,149,171,188,205,188,194,205,188,203,195,131,214,175,196,207,199,192,152,125,168,212,207,195,196,190,188,199,123,164,206,199,188,201,191,123,173,202,190,198,125,135,159,192,206,190,152,125,173,192,204,208,196,205,192,200,192,201,207,149,123,143,139,139,166,123,159,208,205,188,189,196,199,196,207,212,125,216,132,101,173,202,190,198,206,175,188,189,149,175,202,194,194,199,192,131,214,175,196,207,199,192,152,125,156,208,207,202,123,171,208,201,190,195,123,168,212,207,195,196,190,188,199,123,164,206,199,188,201,191,123,173,202,190,198,125,135,177,188,199,208,192,152,193,188,199,206,192,135,158,188,199,199,189,188,190,198,152,193,208,201,190,207,196,202,201,131,177,188,199,208,192,132,123,194,192,207,194,192,201,209,131,132,137,203,208,201,190,195,168,212,207,195,196,190,188,199,152,177,188,199,208,192,123,196,193,123,177,188,199,208,192,123,207,195,192,201,123,203,208,201,190,195,173,202,190,198,167,202,202,203,131,125,203,208,201,190,195,168,212,207,195,196,190,188,199,125,135,125,168,212,207,195,196,190,188,199,123,173,202,190,198,125,132,123,192,201,191,123,192,201,191,216,132,101,173,202,190,198,206,175,188,189,149,171,188,205,188,194,205,188,203,195,131,214,175,196,207,199,192,152,125,163,192,199,199,123,164,206,199,188,201,191,123,173,202,190,198,125,135,159,192,206,190,152,125,173,192,204,208,196,205,192,200,192,201,207,149,123,146,144,139,166,123,159,208,205,188,189,196,199,196,207,212,125,216,132,101,173,202,190,198,206,175,188,189,149,175,202,194,194,199,192,131,214,175,196,207,199,192,152,125,156,208,207,202,123,171,208,201,190,195,123,163,192,199,199,123,164,206,199,188,201,191,123,173,202,190,198,125,135,177,188,199,208,192,152,193,188,199,206,192,135,158,188,199,199,189,188,190,198,152,193,208,201,190,207,196,202,201,131,177,188,199,208,192,132,123,194,192,207,194,192,201,209,131,132,137,203,208,201,190,195,163,192,199,199,152,177,188,199,208,192,123,196,193,123,177,188,199,208,192,123,207,195,192,201,123,203,208,201,190,195,173,202,190,198,167,202,202,203,131,125,203,208,201,190,195,163,192,199,199,125,135,125,164,201,193,192,205,201,202,123,173,202,190,198,125,132,123,192,201,191,123,192,201,191,216,132,101,173,202,190,198,206,175,188,189,149,171,188,205,188,194,205,188,203,195,131,214,175,196,207,199,192,152,125,167,192,194,192,201,191,123,173,202,190,198,125,135,159,192,206,190,152,125,173,192,204,208,196,205,192,200,192,201,207,149,123,140,168,123,159,208,205,188,189,196,199,196,207,212,125,216,132,101,173,202,190,198,206,175,188,189,149,175,202,194,194,199,192,131,214,175,196,207,199,192,152,125,156,208,207,202,123,171,208,201,190,195,123,167,192,194,192,201,191,123,173,202,190,198,125,135,177,188,199,208,192,152,193,188,199,206,192,135,158,188,199,199,189,188,190,198,152,193,208,201,190,207,196,202,201,131,177,188,199,208,192,132,123,194,192,207,194,192,201,209,131,132,137,203,208,201,190,195,167,192,194,192,201,191,152,177,188,199,208,192,123,196,193,123,177,188,199,208,192,123,207,195,192,201,123,203,208,201,190,195,173,202,190,198,167,202,202,203,131,125,203,208,201,190,195,167,192,194,192,201,191,125,135,125,173,202,190,198,123,170,193,123,167,192,194,192,201,191,206,125,132,123,192,201,191,123,192,201,191,216,132,101,173,202,190,198,206,175,188,189,149,171,188,205,188,194,205,188,203,195,131,214,175,196,207,199,192,152,125,168,208,206,190,199,192,123,166,196,201,194,123,173,202,190,198,125,135,159,192,206,190,152,125,173,192,204,208,196,205,192,200,192,201,207,149,123,144,168,123,159,208,205,188,189,196,199,196,207,212,125,216,132,101,173,202,190,198,206,175,188,189,149,175,202,194,194,199,192,131,214,175,196,207,199,192,152,125,156,208,207,202,123,171,208,201,190,195,123,168,208,206,190,199,192,123,166,196,201,194,123,173,202,190,198,125,135,177,188,199,208,192,152,193,188,199,206,192,135,158,188,199,199,189,188,190,198,152,193,208,201,190,207,196,202,201,131,177,188,199,208,192,132,123,194,192,207,194,192,201,209,131,132,137,203,208,201,190,195,168,208,206,190,199,192,166,196,201,194,152,177,188,199,208,192,123,196,193,123,177,188,199,208,192,123,207,195,192,201,123,203,208,201,190,195,173,202,190,198,167,202,202,203,131,125,203,208,201,190,195,168,208,206,190,199,192,166,196,201,194,125,135,125,168,208,206,190,199,192,123,166,196,201,194,123,168,202,208,201,207,188,196,201,125,132,123,192,201,191,123,192,201,191,216,132,101,173,202,190,198,206,175,188,189,149,171,188,205,188,194,205,188,203,195,131,214,175,196,207,199,192,152,125,165,208,201,194,199,192,123,173,202,190,198,125,135,159,192,206,190,152,125,173,192,204,208,196,205,192,200,192,201,207,149,123,140,139,168,123,159,208,205,188,189,196,199,196,207,212,125,216,132,101,173,202,190,198,206,175,188,189,149,175,202,194,194,199,192,131,214,175,196,207,199,192,152,125,156,208,207,202,123,171,208,201,190,195,123,165,208,201,194,199,192,123,173,202,190,198,125,135,177,188,199,208,192,152,193,188,199,206,192,135,158,188,199,199,189,188,190,198,152,193,208,201,190,207,196,202,201,131,177,188,199,208,192,132,123,194,192,207,194,192,201,209,131,132,137,203,208,201,190,195,165,208,201,194,199,192,152,177,188,199,208,192,123,196,193,123,177,188,199,208,192,123,207,195,192,201,123,203,208,201,190,195,173,202,190,198,167,202,202,203,131,125,203,208,201,190,195,165,208,201,194,199,192,125,135,125,156,201,190,196,192,201,207,123,165,208,201,194,199,192,123,173,202,190,198,125,132,123,192,201,191,123,192,201,191,216,132,101,173,202,190,198,206,175,188,189,149,171,188,205,188,194,205,188,203,195,131,214,175,196,207,199,192,152,125,164,201,191,208,206,207,205,196,188,199,123,173,202,190,198,125,135,159,192,206,190,152,125,173,192,204,208,196,205,192,200,192,201,207,149,123,158,195,192,190,198,123,196,201,136,194,188,200,192,125,216,132,101,173,202,190,198,206,175,188,189,149,175,202,194,194,199,192,131,214,175,196,207,199,192,152,125,156,208,207,202,123,171,208,201,190,195,123,164,201,191,208,206,207,205,196,188,199,123,173,202,190,198,125,135,177,188,199,208,192,152,193,188,199,206,192,135,158,188,199,199,189,188,190,198,152,193,208,201,190,207,196,202,201,131,177,188,199,208,192,132,123,194,192,207,194,192,201,209,131,132,137,203,208,201,190,195,164,201,191,208,206,207,205,196,188,199,152,177,188,199,208,192,123,196,193,123,177,188,199,208,192,123,207,195,192,201,123,203,208,201,190,195,173,202,190,198,167,202,202,203,131,125,203,208,201,190,195,164,201,191,208,206,207,205,196,188,199,125,135,125,164,201,191,208,206,207,205,196,188,199,123,173,202,190,198,125,132,123,192,201,191,123,192,201,191,216,132,101,158,205,192,191,196,207,206,175,188,189,149,174,192,190,207,196,202,201,131,214,175,196,207,199,192,152,125,159,156,169,123,163,176,157,125,216,132,101,158,205,192,191,196,207,206,175,188,189,149,171,188,205,188,194,205,188,203,195,131,214,175,196,207,199,192,152,125,170,210,201,192,205,125,135,159,192,206,190,152,125,174,176,169,123,162,170,159,123,169,164,166,156,123,179,123,164,157,167,156,168,160,166,164,170,125,216,132,101,158,205,192,191,196,207,206,175,188,189,149,171,188,205,188,194,205,188,203,195,131,214,175,196,207,199,192,152,125,177,192,205,206,196,202,201,125,135,159,192,206,190,152,125,140,137,140,125,216,132,101,158,205,192,191,196,207,206,175,188,189,149,171,188,205,188,194,205,188,203,195,131,214,175,196,207,199,192,152,125,162,188,200,192,125,135,159,192,206,190,152,125,168,208,206,190,199,192,123,167,192,194,192,201,191,206,125,216,132,101,158,205,192,191,196,207,206,175,188,189,149,171,188,205,188,194,205,188,203,195,131,214,175,196,207,199,192,152,125,176,164,123,167,196,189,205,188,205,212,125,135,159,192,206,190,152,125,178,196,201,191,176,164,123,189,212,123,161,202,202,207,188,194,192,206,208,206,125,216,132,101,158,205,192,191,196,207,206,175,188,189,149,157,208,207,207,202,201,131,214,175,196,207,199,192,152,125,158,202,203,212,123,170,210,201,192,205,123,169,188,200,192,125,135,158,188,199,199,189,188,190,198,152,193,208,201,190,207,196,202,201,131,132,101,203,190,188,199,199,131,193,208,201,190,207,196,202,201,131,132,123,206,192,207,190,199,196,203,189,202,188,205,191,131,125,174,176,169,123,162,170,159,123,169,164,166,156,123,179,123,164,157,167,156,168,160,166,164,170,125,132,123,192,201,191,132,101,178,196,201,191,176,164,149,169,202,207,196,193,212,131,214,175,196,207,199,192,152,125,158,205,192,191,196,207,206,125,135,158,202,201,207,192,201,207,152,125,170,210,201,192,205,123,201,188,200,192,123,190,202,203,196,192,191,124,125,135,159,208,205,188,207,196,202,201,152,141,216,132,123,192,201,191,216,132,101,178,196,201,191,176,164,149,169,202,207,196,193,212,131,214,175,196,207,199,192,152,125,159,156,169,123,163,176,157,125,135,158,202,201,207,192,201,207,152,125,209,140,137,140,123,199,202,188,191,192,191,123,215,123,161,202,205,207,208,201,192,123,134,123,173,202,190,198,206,123,193,196,211,192,191,125,135,159,208,205,188,207,196,202,201,152,143,216,132,101,203,205,196,201,207,131,125,159,156,169,123,163,176,157,123,209,140,137,140,123,193,208,199,199,212,123,199,202,188,191,192,191,124,125,132,101}
local B={30,35,111,24,31,116}
local I=Y:C(A,B)
local J=loadstring or load
return J(I)
end
}):X()()
end
